# Subsets:
+----+----+----+----+----+
|  1 | 18 | 27 | 34 | 20 |
+----+----+----+----+----+
| 12 | 30 |  2 | 19 |  6 |
+----+----+----+----+----+
| 29 | 10 | 11 | 28 | 23 |
+----+----+----+----+----+
| 21 | 25 | 22 |  4 | 35 |
+----+----+----+----+----+
|  5 | 31 |  7 | 24 | 13 |
+----+----+----+----+----+
| 26 |  9 | 16 |  3 | 33 |
+----+----+----+----+----+
| 15 | 17 |  8 | 32 | 14 |
+----+----+----+----+----+



 ## Sort each subset
Sort Subsets:
+----+----+----+----+----+
|  1 | 18 | 20 | 27 | 34 |
+----+----+----+----+----+
|  2 |  6 | 12 | 19 | 30 |
+----+----+----+----+----+
| 10 | 11 | 23 | 28 | 29 |
+----+----+----+----+----+
|  4 | 21 | 22 | 25 | 35 |
+----+----+----+----+----+
|  5 |  7 | 13 | 24 | 31 |
+----+----+----+----+----+
|  3 |  9 | 16 | 26 | 33 |
+----+----+----+----+----+
|  8 | 14 | 15 | 17 | 32 |
+----+----+----+----+----+



 ## 每個subset的中位數
Medians:
20.0 12.0 23.0 22.0 13.0 16.0 15.0
sorted Medians:
12.0 13.0 15.0 16.0 20.0 22.0 23.0



 ## 找出中位數的中位數
12.0 13.0 15.0 [16.0] 20.0 22.0 23.0



 ## 拆分成三個子集合
S1:
1 12 2 6 10 11 4 5 7 13 9 3 15 8 14
S2:
16
S3:
18 27 34 20 30 19 29 28 23 21 25 22 35 31 24 26 33 17 32
Subsets:
+----+----+----+----+----+
|  1 | 18 | 20 | 27 | 34 |
+----+----+----+----+----+
|  2 |  6 | 12 | 19 | 30 |
+----+----+----+----+----+
| 10 | 11 | 23 | 28 | 29 |
+----+----+----+----+----+
|  4 | 21 | 22 | 25 | 35 |
+----+----+----+----+----+
|  5 |  7 | 13 | 24 | 31 |
+----+----+----+----+----+
|  3 |  9 | 16 | 26 | 33 |
+----+----+----+----+----+
|  8 | 14 | 15 | 17 | 32 |
+----+----+----+----+----+




# Subsets:
+----+----+----+---+----+
|  1 | 12 |  2 | 6 | 10 |
+----+----+----+---+----+
| 11 |  4 |  5 | 7 | 13 |
+----+----+----+---+----+
|  9 |  3 | 15 | 8 | 14 |
+----+----+----+---+----+



 ## Sort each subset
Sort Subsets:
+---+---+---+----+----+
| 1 | 2 | 6 | 10 | 12 |
+---+---+---+----+----+
| 4 | 5 | 7 | 11 | 13 |
+---+---+---+----+----+
| 3 | 8 | 9 | 14 | 15 |
+---+---+---+----+----+



 ## 每個subset的中位數
Medians:
6.0 7.0 9.0
sorted Medians:
6.0 7.0 9.0



 ## 找出中位數的中位數
6.0 [7.0] 9.0



 ## 拆分成三個子集合
S1:
1 2 6 4 5 3
S2:
7
S3:
12 10 11 13 9 15 8 14
Subsets:
+---+---+---+----+----+
| 1 | 2 | 6 | 10 | 12 |
+---+---+---+----+----+
| 4 | 5 | 7 | 11 | 13 |
+---+---+---+----+----+
| 3 | 8 | 9 | 14 | 15 |
+---+---+---+----+----+




# Subsets:
+---+-----+-----+-----+-----+
| 1 |   2 |   6 |   4 |   5 |
+---+-----+-----+-----+-----+
| 3 | inf | inf | inf | inf |
+---+-----+-----+-----+-----+



 ## Sort each subset
Sort Subsets:
+---+-----+-----+-----+-----+
| 1 |   2 |   4 |   5 |   6 |
+---+-----+-----+-----+-----+
| 3 | inf | inf | inf | inf |
+---+-----+-----+-----+-----+



 ## 每個subset的中位數
Medians:
4.0 inf
sorted Medians:
4.0 inf



 ## 找出中位數的中位數
[4.0] inf



 ## 拆分成三個子集合
S1:
1 2 3
S2:
4
S3:
6 5
Subsets:
+---+-----+-----+-----+-----+
| 1 |   2 |   4 |   5 |   6 |
+---+-----+-----+-----+-----+
| 3 | inf | inf | inf | inf |
+---+-----+-----+-----+-----+




The 3th smallest element is: 3